35 50 3725
4.263e-05 -6.90283e-05 6.58221e-09
-6.21967e-10 -3.0251e-10 4.78355e-19
-5.85483e-10 -3.61586e-10 4.73534e-19
-5.85483e-10 -3.61586e-10 4.73534e-19
-5.85483e-10 -3.61586e-10 4.73534e-19
-5.85482e-10 -3.61586e-10 4.73534e-19
-5.85482e-10 -3.61586e-10 4.73534e-19
-5.85482e-10 -3.61586e-10 4.73534e-19
-5.85482e-10 -3.61586e-10 4.73534e-19
-5.85482e-10 -3.61587e-10 4.73534e-19
-5.85482e-10 -3.61587e-10 4.73534e-19
-5.85482e-10 -3.61587e-10 4.73534e-19
-5.85482e-10 -3.61587e-10 4.73534e-19
-5.85482e-10 -3.61587e-10 4.73534e-19
-5.85482e-10 -3.61587e-10 4.73534e-19
-5.85482e-10 -3.61587e-10 4.73534e-19
-5.85482e-10 -3.61587e-10 4.73534e-19
-5.85481e-10 -3.61588e-10 4.73534e-19
-5.85481e-10 -3.61588e-10 4.73534e-19
-5.85481e-10 -3.61588e-10 4.73534e-19
-5.85481e-10 -3.61588e-10 4.73534e-19
-5.85481e-10 -3.61588e-10 4.73534e-19
-5.85481e-10 -3.61588e-10 4.73534e-19
-5.85481e-10 -3.61588e-10 4.73534e-19
-5.85481e-10 -3.61588e-10 4.73534e-19
-5.85481e-10 -3.61589e-10 4.73534e-19
-5.85481e-10 -3.61589e-10 4.73534e-19
-5.85481e-10 -3.61589e-10 4.73534e-19
-5.85481e-10 -3.61589e-10 4.73534e-19
-5.8548e-10 -3.61589e-10 4.73534e-19
-5.8548e-10 -3.61589e-10 4.73534e-19
-5.8548e-10 -3.61589e-10 4.73534e-19
-5.8548e-10 -3.6159e-10 4.73534e-19
-5.8548e-10 -3.6159e-10 4.73534e-19
-5.8548e-10 -3.6159e-10 4.73534e-19
-5.8548e-10 -3.6159e-10 4.73534e-19
-5.8548e-10 -3.6159e-10 4.73534e-19
-5.8548e-10 -3.6159e-10 4.73534e-19
-5.8548e-10 -3.6159e-10 4.73534e-19
-5.8548e-10 -3.6159e-10 4.73534e-19
-5.8548e-10 -3.61591e-10 4.73534e-19
-5.8548e-10 -3.61591e-10 4.73534e-19
-5.85479e-10 -3.61591e-10 4.73534e-19
-5.85479e-10 -3.61591e-10 4.73534e-19
-5.85479e-10 -3.61591e-10 4.73534e-19
-5.85479e-10 -3.61591e-10 4.73534e-19
-5.85479e-10 -3.61591e-10 4.73534e-19
-5.85479e-10 -3.61592e-10 4.73534e-19
-5.85479e-10 -3.61592e-10 4.73534e-19
-5.85479e-10 -3.61592e-10 4.73534e-19
-5.85479e-10 -3.61592e-10 4.73534e-19
-5.85479e-10 -3.61592e-10 4.73534e-19
-5.85479e-10 -3.61592e-10 4.73534e-19
-5.85479e-10 -3.61592e-10 4.73534e-19
-5.85478e-10 -3.61592e-10 4.73534e-19
-5.85478e-10 -3.61593e-10 4.73534e-19
-5.85478e-10 -3.61593e-10 4.73534e-19
-5.85478e-10 -3.61593e-10 4.73534e-19
-5.85478e-10 -3.61593e-10 4.73534e-19
-5.85478e-10 -3.61593e-10 4.73534e-19
