50 -75 2520.2
44.64 -65.1322 1930.13
39.6213 -56.7182 1480.42
35.0277 -49.4866 1136.32
30.883 -43.2355 872.499
27.1782 -37.8098 670.045
23.8873 -33.0867 514.608
20.9765 -28.9669 395.246
18.4091 -25.3682 303.575
16.1492 -22.2215 233.167
14.1625 -19.4681 179.09
12.4177 -17.0577 137.555
10.8864 -14.9469 105.653
9.54294 -13.098 81.15
8.36472 -11.4781 62.3296
7.33163 -10.0589 47.8741
6.42592 -8.81527 36.7711
5.63198 -7.7255 28.2431
4.93605 -6.77051 21.6929
4.32607 -5.9336 16.6619
3.79144 -5.20017 12.7976
3.32286 -4.55741 9.82961
2.91218 -3.9941 7.54992
2.55225 -3.50042 5.79893
2.23681 -3.06777 4.45404
1.96035 -2.68859 3.42105
1.71805 -2.35628 2.62764
1.50571 -2.06505 2.01823
1.3196 -1.80981 1.55016
1.1565 -1.58612 1.19065
1.01356 -1.39008 0.914512
0.888287 -1.21826 0.702418
0.778496 -1.06769 0.539513
0.682275 -0.935723 0.414388
0.597946 -0.820069 0.318283
0.524041 -0.718709 0.244467
0.45927 -0.629878 0.18777
0.402505 -0.552025 0.144222
0.352756 -0.483796 0.110774
0.309156 -0.423999 0.0850831
0.270944 -0.371593 0.0653505
0.237456 -0.325665 0.0501944
0.208107 -0.285413 0.0385533
0.182385 -0.250136 0.029612
0.159842 -0.21922 0.0227443
0.140086 -0.192125 0.0174694
0.122772 -0.168378 0.0134179
0.107597 -0.147567 0.010306
0.0942984 -0.129328 0.00791584
0.0826432 -0.113343 0.00607999
0.0724286 -0.099334 0.00466991
0.0634765 -0.0870564 0.00358686
0.0556309 -0.0762964 0.00275499
0.048755 -0.0668662 0.00211605
0.0427289 -0.0586016 0.0016253
0.0374477 -0.0513585 0.00124836
0.0328192 -0.0450107 0.000958837
0.0287628 -0.0394474 0.000736462
0.0252077 -0.0345718 0.000565661
0.0220921 -0.0302987 0.000434473
0.0193615 -0.0265539 0.000333709
0.0169685 -0.0232718 0.000256315
0.0148712 -0.0203955 0.00019687
0.0130331 -0.0178746 0.000151212
0.0114223 -0.0156653 0.000116143
0.0100105 -0.0137291 8.92069e-05
0.00877319 -0.0120322 6.85179e-05
0.00768884 -0.010545 5.26272e-05
0.00673851 -0.00924169 4.04219e-05
0.00590564 -0.00809943 3.10472e-05
0.00517571 -0.00709835 2.38467e-05
0.004536 -0.006221 1.83161e-05
0.00397535 -0.0054521 1.40682e-05
0.003484 -0.00477822 1.08055e-05
0.00305339 -0.00418764 8.2995e-06
0.00267599 -0.00367005 6.37467e-06
0.00234524 -0.00321644 4.89625e-06
0.00205537 -0.00281889 3.76071e-06
0.00180133 -0.00247048 2.88852e-06
0.00157869 -0.00216513 2.21861e-06
0.00138356 -0.00189752 1.70407e-06
0.00121256 -0.00166299 1.30886e-06
0.00106269 -0.00145745 1.00531e-06
0.00093134 -0.00127731 7.72157e-07
0.000816228 -0.00111944 5.93078e-07
0.000715343 -0.000981075 4.55531e-07
0.000626927 -0.000859816 3.49884e-07
0.00054944 -0.000753543 2.68738e-07
0.00048153 -0.000660406 2.06412e-07
0.000422013 -0.000578781 1.58541e-07
0.000369853 -0.000507244 1.21772e-07
0.000324139 -0.00044455 9.35305e-08
0.000284076 -0.000389604 7.18388e-08
0.000248965 -0.000341449 5.51779e-08
0.000218193 -0.000299247 4.2381e-08
0.000191224 -0.00026226 3.2552e-08
0.000167589 -0.000229845 2.50025e-08
0.000146875 -0.000201437 1.92039e-08
0.000128722 -0.000176539 1.47501e-08
0.000112812 -0.000154719 1.13292e-08
9.88684e-05 -0.000135596 8.70176e-09
