25 -50 3125
20 -40 2000
16 -32 1280
12.8 -25.6 819.2
10.24 -20.48 524.288
8.192 -16.384 335.544
6.5536 -13.1072 214.748
5.24288 -10.4858 137.439
4.1943 -8.38861 87.9609
3.35544 -6.71089 56.295
2.68435 -5.36871 36.0288
2.14748 -4.29497 23.0584
1.71799 -3.43597 14.7574
1.37439 -2.74878 9.44473
1.09951 -2.19902 6.04463
0.879609 -1.75922 3.86856
0.703687 -1.40738 2.47588
0.562949 -1.1259 1.58456
0.450359 -0.90072 1.01412
0.360287 -0.720576 0.649037
0.28823 -0.576461 0.415384
0.230584 -0.461169 0.265846
0.184467 -0.368935 0.170141
0.147573 -0.295148 0.108891
0.118059 -0.236119 0.0696899
0.0944468 -0.188895 0.0446016
0.0755574 -0.151116 0.028545
0.0604458 -0.120893 0.0182688
0.0483565 -0.0967146 0.0116921
0.0386851 -0.0773718 0.00748293
0.030948 -0.0618975 0.00478908
0.0247583 -0.0495181 0.00306502
0.0198065 -0.0396146 0.00196161
0.0158451 -0.0316918 0.00125544
0.012676 -0.0253535 0.000803482
0.0101407 -0.0202829 0.00051423
0.00811246 -0.0162264 0.000329109
0.00648987 -0.0129812 0.000210631
0.0051918 -0.0103851 0.000134805
0.00415334 -0.00830817 8.6276e-05
0.00332257 -0.00664664 5.52173e-05
0.00265796 -0.00531741 3.53396e-05
0.00212626 -0.00425403 2.26178e-05
0.00170091 -0.00340332 1.44757e-05
0.00136063 -0.00272276 9.26473e-06
0.0010884 -0.00217831 5.92964e-06
0.000870623 -0.00174275 3.79515e-06
0.000696398 -0.0013943 2.42903e-06
0.000557019 -0.00111554 1.55469e-06
0.000445515 -0.00089253 9.95093e-07
0.000356312 -0.000714124 6.36931e-07
0.00028495 -0.000571399 4.07693e-07
0.00022786 -0.000457219 2.60969e-07
0.000182188 -0.000365875 1.67057e-07
0.00014565 -0.0002928 1.06946e-07
0.00011642 -0.00023434 6.8469e-08
9.30361e-05 -0.000187572 4.38391e-08
7.43289e-05 -0.000150158 2.80721e-08
5.93631e-05 -0.000120226 1.79783e-08
4.73905e-05 -9.6281e-05 1.15159e-08
3.78124e-05 -7.71248e-05 7.37801e-09
3.01499e-05 -6.17998e-05 4.72824e-09
2.40199e-05 -4.95399e-05 3.03115e-09
1.91159e-05 -3.97319e-05 1.94404e-09
1.51928e-05 -3.18855e-05 1.24751e-09
1.20542e-05 -2.56084e-05 8.01094e-10
9.54336e-06 -2.05867e-05 5.14889e-10
7.53469e-06 -1.65694e-05 3.31316e-10
5.92775e-06 -1.33555e-05 2.13508e-10
4.6422e-06 -1.07844e-05 1.37853e-10
3.61376e-06 -8.72752e-06 8.92289e-11
2.79101e-06 -7.08202e-06 5.79447e-11
2.13281e-06 -5.76561e-06 3.77912e-11
1.60625e-06 -4.71249e-06 2.47876e-11
1.185e-06 -3.86999e-06 1.63811e-11
8.47997e-07 -3.19599e-06 1.09335e-11
5.78398e-07 -2.6568e-06 7.39311e-12
3.62718e-07 -2.22544e-06 5.08413e-12
1.90175e-07 -1.88035e-06 3.57188e-12
5.21397e-08 -1.60428e-06 2.57643e-12
-5.82882e-08 -1.38342e-06 1.91726e-12
-1.46631e-07 -1.20674e-06 1.47772e-12
-2.17304e-07 -1.06539e-06 1.18228e-12
-2.73844e-07 -9.52313e-07 9.8189e-13
-3.19075e-07 -8.6185e-07 8.44595e-13
-3.5526e-07 -7.8948e-07 7.49489e-13
-3.84208e-07 -7.31584e-07 6.82831e-13
-4.07366e-07 -6.85267e-07 6.35539e-13
-4.25893e-07 -6.48214e-07 6.01566e-13
-4.40714e-07 -6.18571e-07 5.76859e-13
-4.52572e-07 -5.94857e-07 5.58676e-13
-4.62057e-07 -5.75886e-07 5.45141e-13
-4.69646e-07 -5.60708e-07 5.34961e-13
-4.75717e-07 -5.48567e-07 5.27232e-13
-4.80573e-07 -5.38853e-07 5.21314e-13
-4.84459e-07 -5.31083e-07 5.16749e-13
-4.87567e-07 -5.24866e-07 5.13206e-13
-4.90054e-07 -5.19893e-07 5.10441e-13
-4.92043e-07 -5.15914e-07 5.08274e-13
-4.93634e-07 -5.12731e-07 5.06568e-13
-4.94907e-07 -5.10185e-07 5.05222e-13
