25 -50 3125
15 -30 1125
8.99999 -18 404.999
5.39999 -10.8 145.8
3.23999 -6.48 52.4879
1.944 -3.888 18.8956
1.1664 -2.3328 6.80243
0.699838 -1.39968 2.44887
0.419903 -0.839807 0.881595
0.251942 -0.503884 0.317374
0.151165 -0.302331 0.114255
0.090699 -0.181398 0.0411317
0.0544194 -0.108839 0.0148074
0.0326516 -0.0653034 0.00533067
0.019591 -0.0391821 0.00191904
0.0117546 -0.0235092 0.000690854
0.00705275 -0.0141055 0.000248708
0.00423165 -0.00846332 8.95347e-05
0.00253899 -0.00507799 3.22325e-05
0.00152339 -0.0030468 1.16037e-05
0.000914036 -0.00182808 4.17733e-06
0.000548422 -0.00109685 1.50384e-06
0.000329053 -0.000658109 5.41383e-07
0.000197431 -0.000394865 1.94898e-07
0.000118459 -0.000236919 7.01632e-08
7.1075e-05 -0.000142152 2.52588e-08
4.26448e-05 -8.52913e-05 9.09318e-09
2.55867e-05 -5.1175e-05 3.27356e-09
1.53518e-05 -3.07052e-05 1.17849e-09
9.21089e-06 -1.84233e-05 4.24259e-10
5.52633e-06 -1.10542e-05 1.52735e-10
