123
320
117
121
124
183
201
162
117
154
157
159
109
153
160
122
147
176
128
127
212
163
127
118
119
152
271
150
164
121
128
135
128
160
113
120
142
113
134
130
166
173
595
105
125
107
115
126
144
130
183
169
106
105
136
125
222
111
125
182
122
168
152
120
133
173
120
130
118
141
165
121
111
170
425
238
172
142
141
143
129
195
187
109
310
230
222
148
181
115
124
170
1069
145
130
127
219
113
118
117
116
119
129
109
131
170
122
234
115
147
107
299
147
130
138
148
134
118
125
126
147
120
122
183
178
505
310
127
118
136
147
395
128
141
155
129
112
115
107
121
337
119
177
124
124
134
159
172
115
131
125
130
163
186
147
136
111
120
111
226
219
137
289
294
118
116
134
119
137
124
208
136
114
113
122
114
110
120
110
109
136
156
130
130
305
116
146
112
120
526
177
351
120
109
148
118
117
115
104
121
124
114
139
137
152
110
122
164
150
138
123
244
141
264
187
109
150
239
152
171
130
117
137
166
177
117
143
288
117
193
199
140
154
180
125
106
185
139
174
159
116
498
120
165
268
128
132
108
145
115
117
170
155
157
120
116
252
316
279
177
141
133
118
107
110
137
141
115
130
111
123
103
108
108
243
147
117
127
123
134
115
132
118
153
252
641
124
114
158
147
124
149
117
142
111
149
127
146
160
134
296
126
168
119
109
104
142
131
141
124
109
114
137
123
112
155
105
216
141
331
243
172
520
136
115
141
284
125
133
113
204
122
125
204
120
119
115
127
112
177
140
181
110
337
192
340
140
109
190
115
161
197
142
233
389
131
282
146
115
160
145
127
146
120
141
127
153
150
2657
136
120
114
192
118
166
351
268
122
268
118
118
158
114
145
129
141
113
212
219
107
177
131
104
137
154
108
217
256
122
108
203
183
356
171
124
169
172
125
163
136
110
194
163
184
117
127
110
184
132
107
113
107
182
139
117
116
207
116
132
174
148
117
135
8336
116
132
112
113
182
358
118
157
550
120
123
367
135
161
202
120
124
126
113
172
113
203
183
117
299
122
141
130
195
118
167
201
121
141
151
352
169
145
109
128
150
118
128
136
160
145
168
132
178
197
126
111
191
120
136
232
119
150
185
210
303
377
105
109
2552
109
243
140
166
339
115
260
125
162
121
257
151
123
124
106
174
136
159
139
162
133
123
133
160
187
255
427
112
106
143
146
252
131
141
127
120
152
125
145
171
123
146
133
907
210
99
107
130
118
237
506
108
143
114
113
135
153
209
1063
116
119
111
132
160
127
160
237
121
171
111
191
108
130
248
118
459
119
375
135
157
118
128
119
178
105
135
131
276
1065
113
261
158
156
154
106
336
127
106
129
137
112
127
122
371
179
98
132
146
160
117
213
388
111
119
155
134
131
204
105
126
376
118
111
169
121
165
189
183
140
119
133
212
215
131
133
129
118
159
106
145
144
134
119
169
108
544
182
185
297
107
135
115
157
207
119
564
116
154
121
110
114
247
165
161
141
130
115
139
172
131
187
127
174
120
149
111
160
183
111
284
136
125
113
240
109
132
132
107
146
814
230
130
128
148
246
133
133
180
149
110
406
119
130
106
123
137
142
311
124
140
127
141
140
128
361
124
146
172
102
254
110
134
126
153
2277
116
115
116
119
168
146
180
150
158
147
118
116
188
114
184
149
115
141
144
146
137
135
302
117
143
148
122
150
146
174
132
121
285
118
149
97
131
120
333
110
153
115
1550
341
127
160
130
264
115
116
242
203
127
144
354
108
119
325
130
152
133
170
147
119
129
120
237
131
155
168
119
198
189
168
255
136
144
190
146
116
113
120
108
193
110
139
133
228
132
216
204
145
110
130
199
135
115
106
334
181
911
109
122
123
282
130
124
110
141
149
206
160
163
138
172
151
114
153
97
142
148
109
382
126
309
136
534
156
138
103
132
109
383
149
132
119
159
587
139
117
330
118
221
144
109
105
148
131
136
119
151
141
138
120
150
115
194
496
268
168
128
175
141
295
108
115
255
191
829
269
337
149
106
237
124
159
124
98
297
168
186
172
201
138
586
145
136
202
118
641
111
294
116
118
168
164
108
359
194
133
138
148
113
223
228
153
155
120
231
141
306
114
184
184
142
122
363
117
132
122
111
251
116
112
174
105
115
129
196
329
113
106
162
310
154
368
110
105
203
146
135
141
117
150
116
106
146
126
142
117
180
159
238
116
131
118
326
157
144
170
152
165
250
136
153
127
131
189
133
126
165
119
654
172
110
124
247
124
136
320
116
112
121
148
133
129
127
200
157
116
114
182
281
114
173
206
107
143
222
120
223
135
208
378
916
174
114
114
109
193
143
167
123
136
164
145
148
198
219
152
116
117
118
149
126
126
284
154
127
157
150
127
112
109
140
122
187
126
109
209
286
114
124
109
274
173
111
109
168
116
360
154
293
163
116
220
228
153
157
348
173
793
167
281
589
112
128
118
448
116
126
127
163
139
229
130
122
398
110
344
104
112
204
110
130
198
118
143
138
248
134
123
120
147
211
113
285
134
2177
110
119
262
221
105
144
138
328
117
165
264
121
131
119
236
114
160
231
109
132
163
225
109
126
158
151
1150
114
144
549
139
138
139
134
161
295
122
140
169
133
653
127
128
118
111
135
137
111
161
110
125
357
129
137
178
115
138
148
112
114
127
353
2051
151
129
279
332
118
399
227
225
365
132
124
260
724
179
222
149
104
216
235
139
200
118
179
136
113
186
9623
233
127
224
115
422
112
118
118
193
114
111
113
117
122
109
131
133
137
156
124
134
116
215
105
117
139
117
123
120
135
130
226
130
113
278
173
107
137
176
191
216
181
179
166
130
119
144
170
177
112
114
140
140
120
148
189
121
146
114
190
212
147
120
108
263
110
257
130
119
116
143
155
176
133
262
154
135
141
291
141
142
117
109
109
144
141
153
133
112
172
126
105
147
214
190
131
128
119
815
120
123
132
263
165
464
114
182
106
126
229
183
114
141
121
189
212
214
151
121
220
110
394
167
165
114
201
107
137
147
115
172
214
107
113
111
2002
153
103
234
145
128
140
111
126
242
249
117
145
117
129
175
166
229
115
193
140
114
123
110
107
126
338
207
356
118
117
128
124
115
153
230
233
176
133
313
212
179
118
341
139
109
126
363
162
141
126
182
138
452
167
201
109
111
151
114
121
152
139
126
173
178
118
198
157
124
254
109
136
266
156
337
148
149
141
189
193
131
379
183
137
112
114
330
277
146
135
128
117
252
120
193
377
164
149
144
122
120
203
120
254
129
134
167
131
143
156
158
148
105
489
144
144
257
112
150
354
134
309
144
124
185
405
125
127
187
516
122
2479
144
158
154
119
241
131
144
116
274
121
105
108
103
148
174
138
135
105
215
122
357
137
130
120
358
129
139
256
112
123
129
118
145
122
136
114
122
1050
218
115
118
108
248
126
116
106
175
207
227
164
162
110
154
123
250
250
135
149
133
106
197
138
192
243
140
128
216
137
158
128
175
106
135
155
154
119
141
118
223
150
187
104
122
122
105
112
469
181
2480
296
127
317
129
106
115
112
116
173
135
259
127
142
537
117
109
140
196
610
186
213
117
796
160
119
168
142
172
116
158
117
115
133
109
3489
158
180
152
120
111
163
144
106
141
123
122
142
162
122
391
120
116
291
243
107
217
128
115
162
234
133
146
149
175
144
250
221
216
128
143
140
167
126
409
173
107
158
149
104
134
113
104
124
118
120
124
121
116
113
150
154
149
109
110
134
142
112
110
181
123
116
286
158
149
238
161
403
115
108
132
266
190
165
129
154
176
173
158
458
268
127
149
603
158
113
185
124
142
138
152
113
192
136
157
139
104
154
159
212
131
124
178
163
171
301
170
126
192
124
112
201
117
119
634
141
169
160
118
148
123
269
156
113
124
39111
149
138
137
165
149
104
109
204
118
126
121
158
126
172
158
139
194
118
152
130
478
303
112
122
195
110
275
119
149
176
167
134
246
115
122
107
228
122
285
188
118
157
115
119
129
109
127
162
142
144
127
172
473
260
120
182
107
130
117
130
221
4580
123
109
168
230
108
122
147
231
197
133
1993
573
112
240
191
201
135
182
265
202
1270
130
117
122
131
118
119
121
179
149
126
132
140
115
217
183
179
108
122
132
152
194
302
106
137
235
119
118
117
166
130
160
1993
192
125
124
105
105
192
156
129
111
109
105
161
126
187
147
125
113
168
162
129
109
140
142
298
111
140
111
152
150
134
161
171
158
125
296
140
192
156
251
191
159
107
197
129
165
136
453
113
124
142
134
159
142
105
198
173
118
161
120
117
154
177
171
2290
141
124
226
191
273
110
428
114
217
130
142
135
113
210
106
135
123
190
131
114
110
187
138
247
128
171
128
255
145
123
104
124
170
351
111
115
801
157
135
140
141
115
113
189
171
112
134
109
139
130
123
116
243
121
138
234
109
114
148
120
150
129
118
107
148
112
108
330
113
111
114
116
118
144
368
152
107
130
180
111
126
194
253
2381
107
141
126
236
107
129
117
125
112
195
818
125
135
167
158
106
114
127
158
110
113
174
228
328
115
153
135
198
129
119
159
167
256
126
149
156
308
222
120
137
121
151
130
128
159
236
267
126
138
599
131
217
129
157
131
110
179
177
1094
163
143
1711
120
393
115
124
176
113
165
150
149
180
164
160
181
176
127
214
105
213
140
125
318
531
316
163
127
113
294
210
325
154
145
200
168
134
166
131
212
122
301
324
213
184
142
178
128
167
125
119
106
111
110
294
152
146
245
166
138
151
129
107
282
137
118
175
120
171
151
122
115
150
106
138
184
164
112
234
146
138
127
164
273
120
123
133
121
136
122
114
159
118
116
109
121
190
150
110
187
162
181
153
257
116
134
103
136
146
121
162
128
112
236
277
187
133
151
138
164
166
126
138
711
232
311
108
147
259
623
144
215
139
210
144
137
148
151
131
170
1938
108
158
124
292
255
139
264
171
118
147
171
134
106
283
121
189
200
133
120
121
134
123
236
287
137
130
142
315
119
372
111
128
243
152
111
133
109
260
119
144
133
124
324
115
138
108
144
135
113
155
118
171
139
147
114
117
117
157
111
109
136
111
115
126
33131
142
169
167
330
130
149
155
139
141
119
140
115
139
278
141
115
114
162
873
123
105
140
159
436
110
180
155
106
119
215
134
134
117
122
143
110
513
135
202
134
113
152
107
128
185
127
298
192
170
105
175
123
142
106
165
167
238
156
166
106
141
108
124
109
161
171
142
140
170
137
122
153
132
268
133
137
156
129
315
122
118
137
157
1923
155
121
114
262
119
127
128
150
159
140
127
163
137
113
106
113
111
125
126
192
337
136
169
110
171
184
113
165
107
396
116
120
159
118
133
113
142
275
146
150
107
141
234
135
113
122
152
132
337
136
111
132
154
130
216
140
113
124
128
259
119
122
137
120
118
193
151
247
110
123
138
128
174
154
112
383
118
121
134
211
130
110
140
217
119
151
129
105
109
356
110
118
113
129
207
137
115
145
153
103
115
121
115
172
180
106
119
2162
127
148
121
199
114
125
119
122
120
342
120
142
109
187
136
5769
231
130
120
209
216
148
112
105
135
133
142
104
133
203
117
168
105
133
145
179
121
175
245
152
151
134
147
128
128
145
278
240
118
110
120
128
1166
212
124
111
107
109
130
131
120
110
146
167
119
117
215
282
111
160
159
157
252
955
115
121
2196
121
109
120
116
130
121
107
210
160
243
114
105
110
134
113
187
118
200
133
119
110
113
147
160
134
164
704
453
158
126
319
115
116
121
124
215
138
118
113
140
157
225
198
141
121
128
127
120
125
144
121
240
141
148
132
154
109
117
382
150
123
122
162
131
129
133
189
117
121
317
158
168
163
149
117
126
149
118
109
268
135
122
111
111
234
132
122
134
189
107
115
133
112
133
143
114
112
183
124
127
130
133
125
137
154
127
127
108
115
122
3378
178
138
387
163
106
139
161
108
103
124
141
110
141
127
167
106
162
118
127
146
127
276
108
122
149
123
146
107
122
117
110
131
248
124
216
132
163
5367
111
124
195
123
145
234
141
148
225
157
139
173
129
112
120
473
113
166
201
150
132
438
105
110
115
132
152
126
107
107
139
219
140
117
137
439
112
196
134
111
167
165
123
109
120
106
130
146
110
228
119
260
176
221
108
194
124
125
206
214
131
130
171
172
114
108
137
160
120
149
271
110
183
112
174
135
115
120
175
127
379
150
120
114
111
133
124
174
132
126
134
109
167
114
138
175
109
111
114
140
341
106
113
169
131
110
111
229
120
126
134
207
107
118
174
117
109
184
125
119
121
131
124
141
695
113
106
174
150
130
176
302
160
123
125
294
128
115
144
121
128
120
104
111
108
162
117
227
122
518
112
352
133
114
125
110
136
108
644
390
166
131
153
161
162
149
109
178
118
185
126
136
114
341
202
255
110
476
175
120
151
182
120
139
149
132
158
260
129
129
111
163
297
139
156
151
128
129
192
119
214
145
133
168
129
110
128
343
141
113
144
162
221
131
168
117
122
135
546
110
149
120
179
165
132
1707
127
140
132
116
146
203
209
130
188
98
126
130
140
128
236
151
220
205
218
289
129
128
128
150
293
135
126
298
150
154
123
126
118
119
125
162
173
130
131
133
113
203
213
176
110
162
131
255
229
111
174
143
144
128
146
132
154
118
208
116
122
111
1113
170
111
156
111
178
170
120
121
112
126
111
123
122
123
110
143
148
111
151
126
178
133
208
134
168
101
125
206
114
150
888
130
142
138
272
126
129
194
107
333
170
121
123
526
119
112
352
176
178
188
115
142
138
345
236
114
115
116
148
108
256
110
249
204
168
119
103
109
141
108
107
125
313
1446
125
134
131
160
133
144
120
131
178
116
297
134
238
107
145
142
119
131
130
114
122
107
127
106
112
131
115
129
114
234
208
116
113
149
119
161
113
137
118
153
266
224
394
156
355
109
200
576
117
109
212
117
206
231
109
130
160
126
135
116
148
124
141
132
217
121
135
168
117
111
143
211
106
106
609
187
112
119
127
137
134
108
113
150
158
107
140
133
198
119
119
133
220
741
195
142
109
1031
831
182
117
207
110
493
126
184
207
142
209
134
112
108
121
138
126
191
115
107
153
131
258
120
122
122
116
111
112
142
171
183
126
123
128
233
106
166
107
149
291
110
127
122
133
147
251
111
181
108
218
112
193
136
111
122
111
107
117
167
190
274
151
209
113
109
171
119
126
114
113
135
139
393
113
225
119
106
105
114
190
420
136
210
155
200
206
105
148
128
219
143
110
174
111
294
183
198
155
117
113
196
160
210
121
144
183
146
135
118
169
125
132
129
138
110
158
142
249
113
209
234
110
231
113
403
113
107
140
192
129
194
149
107
175
112
229
113
174
151
119
151
115
117
225
204
125
133
1005
141
143
270
139
126
111
185
112
111
332
126
1630
116
141
119
129
110
131
112
107
205
217
147
139
122
117
134
166
142
151
145
114
151
133
135
117
334
157
137
114
115
373
134
196
107
284
319
159
177
207
165
108
226
115
115
136
130
129
108
130
105
141
112
129
120
170
109
111
152
122
117
131
134
112
126
121
122
250
128
305
116
116
144
120
336
128
175
155
375
117
184
110
140
156
335
135
290
190
107
158
110
109
1426
187
131
308
273
123
139
135
118
116
439
157
132
106
145
120
135
116
109
124
139
260
152
110
118
117
125
137
134
135
1150
131
203
277
173
141
142
105
107
110
107
117
835
120
108
208
1245
685
131
255
127
137
190
105
124
104
125
108
140
144
124
224
144
390
137
127
128
11667
162
139
153
114
117
126
126
147
132
129
142
109
134
153
112
202
144
133
115
224
112
206
154
137
159
140
444
113
116
227
109
164
104
113
103
196
384
164
140
108
116
151
151
127
135
277
129
229
110
123
133
168
120
170
136
125
113
126
111
111
157
143
177
113
190
281
141
113
144
140
223
183
153
130
304
118
119
130
147
150
123
142
428
138
170
151
125
159
154
113
196
114
157
136
120
110
127
106
108
139
118
192
122
114
204
118
152
142
144
131
128
131
125
120
267
204
131
149
179
119
123
176
339
191
158
222
195
257
129
139
932
150
152
109
124
143
116
181
149
142
119
140
187
125
190
208
140
110
106
115
114
123
137
183
114
205
216
132
259
131
145
190
187
165
124
260
136
133
402
179
115
158
115
118
232
135
128
133
149
141
111
117
120
115
344
461
580
111
182
116
155
220
298
105
115
205
136
187
117
121
630
124
197
231
119
114
259
124
109
207
110
135
135
507
174
139
122
136
351
140
147
109
138
237
158
162
136
106
167
127
161
125
111
150
154
113
188
134
141
179
146
157
185
114
240
123
443
186
111
122
193
125
134
146
106
239
120
240
192
275
144
128
138
132
282
155
120
245
119
108
124
257
115
111
115
121
337
120
107
201
110
105
134
141
121
132
123
660
190
159
119
177
112
399
231
129
109
182
107
140
172
211
110
125
169
125
141
188
189
131
158
131
118
108
112
254
217
181
128
149
133
170
124
157
127
117
133
127
133
131
178
167
133
144
123
335
173
110
143
112
133
132
189
141
132
158
206
176
115
150
146
122
116
122
108
242
193
147
118
160
119
8104
144
197
124
283
119
162
133
220
127
1273
129
107
171
145
107
189
150
117
183
235
190
115
131
445
178
159
221
151
106
123
106
108
121
115
121
122
110
140
251
136
116
107
142
399
260
107
246
122
158
113
120
138
130
106
127
119
139
187
379
128
112
119
130
150
298
424
106
115
129
117
719
119
117
181
159
163
123
176
174
156
128
279
130
223
114
117
476
123
104
139
149
121
121
130
499
106
142
116
115
225
113
260
156
115
142
158
106
117
152
210
107
112
139
224
137
178
190
199
112
277
110
145
431
108
232
123
125
762
134
120
147
152
124
116
116
107
121
320
133
123
158
158
108
125
137
1002
129
158
119
153
125
134
171
114
163
122
183
121
142
141
135
117
152
450
115
106
138
833
2637
126
793
387
171
117
114
116
187
127
577
107
138
124
126
145
115
116
111
116
142
114
263
188
171
576
116
161
136
152
141
104
110
121
262
107
240
112
108
137
150
165
134
120
197
133
114
246
238
162
112
155
135
194
125
132
121
146
164
131
125
109
127
140
162
112
383
164
171
300
206
271
125
179
145
113
123
119
145
154
137
134
109
346
118
135
155
109
124
235
123
194
106
149
112
149
111
175
276
123
120
130
269
132
152
109
131
156
163
110
124
139
113
118
142
126
111
641
173
128
105
153
134
161
201
119
104
117
599
125
170
175
184
116
116
144
116
131
115
301
151
122
133
125
152
317
146
257
134
415
175
195
201
130
125
150
190
167
145
238
179
158
115
165
108
124
184
112
127
160
221
141
149
113
137
125
146
181
161
219
138
107
155
247
147
115
123
163
135
141
135
137
297
139
149
128
181
267
108
104
154
126
130
120
124
350
142
104
118
209
138
158
118
104
263
132
142
134
214
136
120
115
147
401
231
121
156
113
445
108
123
108
139
147
119
224
111
185
233
132
168
146
192
1027
112
108
127
162
107
159
159
144
118
137
201
185
114
141
253
117
149
121
134
105
289
112
135
109
114
257
174
148
216
154
128
131
126
128
160
109
302
153
128
141
142
125
169
187
143
123
149
176
155
129
113
400
223
126
121
124
117
150
176
125
154
390
110
134
490
142
147
112
227
133
246
535
133
109
119
152
150
122
185
113
120
255
128
107
196
115
110
145
120
139
115
125
159
106
116
113
122
117
140
112
166
122
163
172
156
213
113
136
194
158
132
191
232
121
128
133
120
149
112
174
155
117
170
160
138
130
169
138
112
112
117
130
110
276
185
117
117
238
130
144
154
162
150
176
212
191
191
161
155
176
126
186
281
168
119
170
123
117
160
152
161
146
143
180
125
130
142
443
230
122
108
190
107
136
179
213
161
192
114
115
189
109
130
142
615
123
116
165
545
127
181
231
131
171
111
106
195
107
161
105
185
124
138
184
141
176
120
196
173
144
140
155
105
115
135
1059
132
131
282
136
143
212
138
204
151
247
144
111
130
111
148
140
140
145
152
107
109
107
117
171
245
122
116
128
211
114
136
3783
144
335
133
183
119
318
111
132
122
182
132
141
209
145
267
110
187
123
159
119
126
134
162
165
142
114
121
142
141
240
186
111
188
124
121
115
111
171
166
126
111
141
181
167
158
115
166
124
144
158
161
110
129
152
115
144
210
157
123
143
152
235
131
164
111
140
120
116
210
121
160
939
139
114
157
121
139
116
385
122
155
112
142
130
363
129
116
149
216
178
131
150
122
176
415
123
120
124
269
108
155
226
322
262
133
251
141
186
163
148
220
653
149
110
139
120
240
125
206
126
182
284
109
132
213
266
171
127
242
111
156
141
176
179
150
159
131
126
180
132
272
149
133
279
129
116
128
176
300
296
124
220
121
104
554
173
125
110
156
135
114
128
154
159
105
141
156
110
150
160
165
136
138
123
244
140
180
439
125
132
147
131
142
138
127
174
274
140
198
148
109
171
129
142
120
136
117
129
165
141
168
144
164
107
104
114
160
117
240
129
120
213
110
140
103
134
513
342
123
128
171
140
128
119
153
147
109
118
108
106
171
200
110
150
116
129
119
104
186
127
185
234
109
106
116
169
358
120
119
154
131
176
121
155
107
147
153
159
113
127
201
183
296
127
123
106
139
139
107
136
149
124
120
121
127
129
182
131
142
108
169
117
167
114
186
227
160
151
109
125
211
108
106
112
111
180
146
141
421
111
140
121
108
114
144
200
765
128
128
123
161
123
109
131
106
198
112
213
138
210
126
157
128
148
116
112
200
117
352
193
192
115
145
109
135
128
167
124
122
129
110
111
209
131
230
120
118
118
112
123
176
137
124
113
139
146
109
186
133
112
116
179
110
139
116
146
187
120
116
162
1382
166
106
187
292
222
160
126
148
136
166
565
121
156
130
131
102
166
143
473
115
401
137
325
126
234
205
117
165
114
118
133
122
181
111
112
112
112
136
190
162
233
138
130
176
150
119
166
186
153
147
183
129
121
188
175
130
124
145
119
107
373
109
127
127
216
149
113
127
214
124
152
179
150
145
136
123
156
124
116
102
150
136
133
244
235
104
116
130
116
129
307
123
122
191
149
103
516
188
156
162
182
115
111
222
181
209
177
245
156
151
135
158
125
190
142
151
127
104
148
137
210
212
136
117
110
121
134
177
111
104
214
149
284
165
210
153
141
152
147
203
173
127
194
411
173
105
123
121
125
131
181
157
147
140
125
118
118
112
182
145
226
235
139
277
277
152
199
144
143
219
262
114
262
134
155
128
124
126
314
115
144
131
117
109
121
258
189
123
154
111
117
204
123
124
115
140
175
151
172
232
127
116
156
177
177
196
201
152
131
123
175
168
107
108
136
126
107
140
210
106
1182
566
108
212
377
226
144
143
274
144
151
124
698
1166
119
126
245
166
135
145
124
162
193
180
218
150
216
125
114
127
277
111
129
116
137
143
112
148
190
144
205
144
171
197
158
121
255
169
129
128
107
104
111
121
150
124
146
122
128
114
127
157
165
105
204
126
188
135
148
187
162
119
207
124
132
200
108
109
116
109
212
168
125
107
150
228
152
173
108
125
109
414
122
129
170
108
182
139
149
304
145
200
129
157
114
108
112
111
157
157
125
111
651
152
116
128
277
301
250
294
196
117
124
105
110
261
123
108
112
133
121
113
130
299
148
115
454
165
130
121
114
164
137
128
113
137
112
108
115
110
136
181
116
148
194
121
117
152
202
126
108
133
171
112
168
134
144
131
171
173
112
279
116
149
146
122
138
513
116
113
1017
133
103
108
139
106
127
235
125
126
189
141
128
168
196
130
137
161
116
246
165
214
151
260
118
1337
109
238
107
205
185
192
123
122
182
164
222
1397
166
129
136
111
150
125
161
236
114
105
105
113
110
111
303
133
118
183
112
147
136
137
126
353
145
149
144
234
150
122
167
116
130
756
110
129
110
119
123
126
117
258
154
116
131
155
111
986
135
214
111
140
136
105
187
126
141
107
116
153
216
124
147
110
117
120
144
377
145
106
116
134
150
127
165
148
120
122
127
103
205
112
193
343
135
112
120
115
207
163
132
140
109
120
128
119
177
122
122
153
147
118
128
139
167
161
285
172
127
170
159
110
258
136
117
143
171
132
115
158
156
116
111
122
114
151
110
110
154
123
207
112
163
125
168
419
132
132
136
171
119
126
150
115
557
211
126
203
166
118
110
130
111
115
122
144
145
136
174
120
133
365
161
157
244
159
277
135
143
108
187
105
632
111
109
122
125
140
535
390
142
174
182
156
137
121
218
237
120
157
113
184
146
138
137
126
220
150
136
131
134
132
144
111
167
119
144
120
130
111
975
104
114
257
170
125
118
111
127
143
124
113
120
115
172
356
123
108
153
155
168
137
187
127
153
124
220
161
126
115
369
132
138
122
153
136
207
190
194
153
142
201
126
138
107
108
132
1150
163
134
138
116
213
478
140
110
114
225
169
147
127
115
110
125
147
115
127
115
110
177
144
122
127
153
113
228
113
148
230
161
136
185
135
117
137
148
154
3738
124
118
243
112
3989
154
305
112
363
138
240
121
279
175
190
140
109
201
127
130
116
209
137
148
377
115
156
110
130
115
122
121
125
154
110
178
111
112
110
113
111
123
265
129
201
113
109
124
159
134
115
188
148
105
141
143
130
112
143
130
116
139
117
125
137
208
144
142
115
120
129
272
133
2711
113
114
119
134
144
235
119
171
152
119
111
267
105
148
110
121
170
217
125
131
117
116
111
120
547
142
139
227
128
127
127
133
107
133
134
178
116
139
137
123
313
280
162
121
106
147
159
173
408
122
105
188
148
220
123
157
167
132
144
118
157
141
140
121
198
142
135
110
112
302
159
213
157
156
186
119
116
133
170
211
122
227
129
152
113
137
152
135
155
125
224
181
132
119
112
132
171
138
138
905
160
115
160
127
237
269
127
114
177
152
136
220
126
122
137
134
143
145
196
153
317
114
104
163
138
141
190
155
228
166
106
108
120
531
776
113
139
224
191
133
130
136
154
128
166
197
111
112
216
129
358
152
122
139
421
180
129
166
302
114
304
113
109
132
220
207
136
143
115
388
136
139
148
451
151
116
128
122
107
121
118
146
194
109
509
195
130
106
112
110
130
113
109
117
111
168
1657
122
780
107
117
121
123
165
157
108
120
137
225
186
108
182
178
128
164
118
114
532
113
123
109
113
110
337
138
334
118
151
193
108
154
290
108
136
121
130
113
167
132
251
133
126
173
160
189
149
148
125
258
154
118
136
140
146
144
141
111
124
116
206
126
196
141
126
113
156
175
180
131
125
231
153
118
171
109
142
295
137
207
144
201
125
128
146
242
137
112
173
135
163
153
232
168
189
114
183
112
115
122
330
136
136
118
121
131
126
185
245
204
115
170
152
135
114
124
245
383
167
107
113
215
114
170
227
110
246
115
182
338
124
115
164
104
121
110
165
156
211
133
117
115
122
272
110
200
108
294
147
109
116
134
226
133
137
121
192
167
143
112
110
111
8587
124
147
161
117
134
191
139
146
128
131
107
181
160
112
117
133
264
104
419
131
127
116
549
206
141
153
110
137
108
138
213
114
246
148
145
296
122
116
140
179
144
118
131
118
532
117
164
150
108
151
120
154
159
147
109
114
228
120
207
146
114
180
8587
110
107
109
147
106
140
241
150
114
113
120
121
115
148
113
114
139
139
260
148
130
143
124
110
181
157
123
164
120
114
212
153
127
161
173
130
113
121
203
123
133
112
137
122
154
153
132
168
137
172
117
121
107
196
113
127
138
152
119
159
170
110
198
136
120
163
184
147
197
114
151
111
165
136
158
755
128
104
195
288
190
185
164
159
199
177
450
129
515
111
185
215
137
145
116
122
142
231
1481
272
108
111
145
196
155
170
118
132
654
120
115
127
104
177
164
122
219
111
120
196
154
107
131
145
107
118
121
151
195
193
134
177
157
103
108
111
868
133
157
130
139
246
124
141
128
194
167
137
178
111
158
143
116
180
122
109
139
136
131
143
439
157
196
110
106
925
152
179
129
209
152
160
322
125
232
207
133
129
135
118
123
237
199
153
166
121
136
146
142
240
140
304
125
135
131
141
114
195
131
186
110
115
394
240
129
107
128
107
213
155
113
107
126
116
124
132
325
109
169
129
130
118
514
140
177
1053
134
129
164
406
167
120
248
324
112
111
194
110
121
135
132
143
109
123
143
131
169
130
179
120
153
128
128
128
179
118
135
518
186
257
117
480
114
145
125
118
109
165
140
128
156
114
106
314
127
137
390
269
129
187
109
116
126
126
152
129
121
234
121
248
410
159
158
284
370
118
163
117
110
129
141
120
131
158
129
114
197
123
186
109
104
138
132
185
145
164
162
196
129
113
132
142
7339
137
124
110
112
144
130
124
130
148
186
111
300
110
109
156
118
109
141
229
130
129
132
111
110
192
125
128
185
130
4335
146
424
410
122
109
157
138
108
133
144
145
144
515
113
134
129
873
123
129
156
148
106
116
194
114
116
122
168
120
116
144
132
120
119
155
108
164
130
108
124
178
356
153
108
115
237
169
204
132
188
154
121
173
131
146
150
110
191
106
140
337
138
107
135
461
134
114
173
122
115
150
114
105
116
113
201
284
161
363
209
149
122
119
269
117
130
117
140
217
129
216
129
114
109
150
163
109
134
110
192
121
138
129
188
162
246
138
127
158
138
160
163
124
109
117
248
166
118
111
131
137
225
120
111
118
110
124
125
122
110
213
335
697
124
126
112
137
143
153
272
117
112
548
103
142
140
121
104
173
108
222
122
149
327
276
115
126
219
128
153
179
129
137
122
302
156
114
258
110
255
139
221
117
186
136
150
143
116
215
143
120
127
130
143
105
121
142
118
110
126
127
134
165
133
152
122
113
110
131
128
180
144
104
125
123
163
157
111
169
168
109
131
126
112
184
230
149
217
112
164
107
128
127
134
146
169
143
157
163
112
137
127
1220
148
177
178
115
122
108
139
119
144
232
123
226
116
120
147
136
157
191
126
114
134
876
132
137
123
119
1103
125
126
302
238
114
129
150
258
130
552
125
187
119
426
104
137
289
199
155
174
152
123
198
186
117
222
259
146
118
292
149
181
215
126
233
120
216
125
125
113
140
127
192
105
158
214
144
134
105
127
138
202
150
110
248
287
135
137
185
429
273
114
128
138
110
118
110
112
176
157
162
120
170
1001
126
108
120
142
121
117
154
172
121
141
143
109
140
122
118
124
130
108
127
117
141
132
126
111
110
128
132
110
114
121
171
132
216
110
176
138
113
112
152
182
136
129
180
121
300
154
114
127
118
120
114
135
1726
126
138
127
124
149
233
126
146
147
153
127
221
111
135
1588
130
143
119
162
147
171
123
116
125
178
147
281
344
155
154
107
126
148
614
148
107
116
116
154
119
115
212
270
135
107
119
129
176
161
152
153
396
128
124
140
113
122
114
132
156
156
120
292
155
131
122
119
2766
138
112
123
156
117
148
138
113
133
104
187
170
113
123
159
122
126
173
116
210
111
133
344
244
314
190
172
111
105
217
159
143
108
111
126
262
110
107
153
202
111
105
139
191
119
120
232
130
283
130
190
129
136
130
115
109
204
169
171
192
148
160
164
123
133
155
405
115
138
151
178
111
118
399
129
133
205
319
198
1114
177
166
108
216
139
124
161
187
170
134
205
121
236
175
123
172
191
108
159
108
133
130
125
113
183
129
205
133
150
1451
149
173
208
279
114
131
151
109
133
194
556
157
462
125
156
204
139
164
117
112
134
138
186
197
192
116
150
105
114
158
749
119
127
113
115
110
136
147
165
116
114
133
178
169
115
157
165
152
228
130
202
179
140
178
107
383
113
531
276
138
128
134
170
144
118
121
128
122
143
139
262
122
261
117
120
132
131
118
128
143
148
114
128
154
115
254
138
158
190
111
168
121
158
204
142
136
115
188
172
131
125
159
197
143
135
104
187
154
130
143
185
117
107
1339
182
131
129
116
163
128
168
8960
146
165
595
121
113
127
118
118
111
219
171
126
144
125
110
115
255
162
146
184
153
219
123
129
172
357
128
130
180
121
170
117
113
114
2609
131
141
138
124
115
180
256
174
214
123
141
160
224
116
270
208
173
129
123
127
276
160
126
145
134
109
148
169
121
134
151
206
757
740
120
107
188
153
110
131
110
167
152
157
120
175
163
173
229
890
165
151
118
118
143
141
197
178
153
125
105
118
202
147
110
107
150
111
104
124
159
163
126
121
851
279
123
207
155
136
131
108
140
330
275
231
133
124
201
134
206
386
115
184
143
156
394
152
113
158
116
107
133
140
114
3024
192
233
135
113
125
285
116
131
148
138
191
139
176
103
126
151
157
182
231
151
124
153
126
124
127
114
124
155
128
232
126
240
199
201
274
170
1332
296
975
587
116
124
140
179
180
130
109
113
130
140
225
115
157
716
156
150
125
136
155
229
136
172
132
181
106
131
131
138
175
147
113
148
111
116
147
300
132
280
151
126
138
103
145
503
158
118
115
154
187
159
182
218
113
160
106
146
127
142
112
162
131
125
122
177
162
128
768
120
223
111
154
157
129
125
264
114
104
112
169
174
114
263
116
118
181
179
190
325
205
113
121
261
185
191
130
173
186
129
126
170
138
232
109
108
200
140
119
106
161
109
180
135
135
146
115
226
137
166
144
592
127
107
111
133
133
557
118
120
120
306
291
191
147
127
132
184
510
128
139
131
266
121
120
287
209
111
130
138
111
174
116
175
124
165
137
137
144
156
106
1553
175
123
166
173
155
897
127
132
2678
117
168
135
125
180
251
124
254
250
110
153
178
122
174
149
134
187
194
118
117
198
120
124
143
160
268
174
145
120
171
110
185
123
149
168
140
163
125
145
151
126
107
138
346
248
121
126
119
126
178
246
136
286
139
124
215
185
255
117
190
105
118
163
121
124
139
171
128
333
145
116
112
163
229
128
143
122
203
266
124
139
146
181
163
175
379
299
941
152
135
140
138
117
204
132
133
160
129
132
244
151
121
123
120
129
201
129
170
359
153
181
106
128
744
139
127
234
119
116
316
120
123
137
134
116
452
155
138
133
172
132
146
192
118
128
126
213
138
147
297
132
122
253
149
162
154
146
111
113
145
108
132
191
213
116
129
140
171
113
121
194
143
109
206
919
119
136
128
143
189
141
138
107
109
141
264
524
203
124
109
149
126
176
132
111
219
152
365
126
142
107
115
166
168
149
158
134
109
156
137
232
201
575
273
119
119
128
138
157
106
130
121
148
167
105
119
131
118
150
105
103
187
1552
122
137
125
123
121
131
122
154
106
131
3289
195
123
130
104
107
252
171
313
162
116
195
928
115
126
139
199
324
261
142
394
171
136
109
124
121
161
135
112
127
137
233
174
133
107
112
108
161
132
126
136
165
129
200
107
115
171
117
121
132
178
125
141
122
118
115
123
137
152
183
120
139
212
117
114
165
162
110
203
112
142
132
132
167
170
179
143
246
175
109
182
140
200
106
132
275
194
112
245
118
170
343
120
108
113
247
206
172
151
160
137
104
156
177
354
114
128
149
161
136
115
139
116
126
106
109
126
127
225
312
161
188
108
164
110
122
284
105
243
108
190
151
217
374
203
187
123
214
109
131
120
137
210
178
124
129
162
127
132
126
436
150
146
148
123
136
223
174
117
107
130
120
134
281
174
122
127
142
106
114
161
110
110
120
118
115
122
160
187
126
126
119
115
115
157
124
127
144
116
221
115
123
158
126
177
167
124
146
155
123
153
375
129
1733
136
103
240
132
109
171
125
141
109
177
118
180
149
148
109
117
144
124
126
183
116
171
121
149
123
171
238
183
110
108
176
129
346
112
192
1452
175
107
167
166
203
113
116
135
121
171
137
115
158
242
381
145
135
112
139
119
128
166
121
113
107
143
119
106
166
152
133
119
198
410
125
126
105
207
118
129
140
132
116
193
115
182
156
113
197
175
176
112
118
104
113
111
146
106
177
107
110
1369
169
115
245
136
123
121
146
124
161
238
118
164
110
207
1292
192
107
146
112
140
119
108
205
132
141
789
108
111
2860
115
159
142
112
158
109
152
109
154
103
122
229
355
128
364
135
1983
127
130
187
127
187
171
189
116
147
130
135
108
123
116
115
168
159
124
114
112
190
152
188
150
485
154
115
133
118
119
122
117
146
183
117
322
126
112
150
116
124
155
123
112
154
106
160
132
153
172
119
1149
141
167
151
122
117
123
144
161
124
118
118
110
107
107
129
118
126
115
140
132
134
260
126
114
146
466
124
123
134
122
184
146
133
138
107
181
107
281
123
131
130
144
121
118
156
199
163
144
107
125
112
142
122
123
118
172
179
352
859
230
168
161
296
197
110
128
204
128
126
206
107
207
143
123
107
172
117
143
135
113
150
156
207
129
106
151
111
216
203
152
109
124
117
116
160
233
109
118
145
156
189
136
222
3899
105
134
130
124
112
119
183
108
322
112
376
193
107
414
161
129
181
125
104
113
149
179
128
674
213
264
217
123
117
107
144
174
116
223
153
177
105
111
128
130
117
286
161
177
119
111
147
121
152
113
110
121
114
140
122
119
174
207
223
117
118
413
152
139
123
212
126
158
149
105
504
259
144
149
125
196
120
134
106
128
163
142
138
123
188
137
135
138
104
326
122
165
248
151
130
128
174
114
124
144
198
123
107
146
182
114
132
201
133
129
304
1065
164
224
123
115
154
155
111
209
139
161
108
109
178
184
145
118
127
127
130
125
142
118
115
119
123
239
131
118
110
116
118
160
157
118
135
157
128
158
123
113
259
121
111
122
142
251
163
141
150
169
161
437
205
198
124
153
108
206
112
147
152
168
177
117
201
250
144
215
303
113
124
106
171
103
512
118
142
137
151
244
138
113
283
115
160
125
111
128
134
122
143
106
126
248
325
114
421
136
121
179
138
335
114
152
119
120
124
106
179
139
153
189
246
186
203
798
127
130
140
194
115
116
130
131
126
167
158
143
163
120
180
117
343
161
150
147
143
174
148
136
138
236
128
266
123
135
130
110
114
150
132
841
171
234
256
174
153
151
121
420
164
145
119
135
154
192
114
137
122
127
148
328
140
182
111
154
653
125
277
109
155
110
230
182
123
127
169
163
113
123
174
160
109
364
134
121
143
156
120
243
131
133
149
122
155
190
178
105
120
107
170
156
172
173
105
144
120
215
147
111
111
177
125
117
140
128
207
119
108
3852
154
130
453
387
125
106
116
180
232
453
215
147
157
710
134
117
104
124
124
243
180
173
117
172
106
200
122
208
442
119
131
152
133
166
127
126
212
130
334
106
129
150
110
126
103
317
146
256
121
114
204
213
164
185
179
184
122
155
113
147
142
117
187
259
153
128
151
153
122
142
169
111
117
1679
136
113
237
157
142
150
138
116
106
306
126
208
153
111
107
110
119
213
137
216
105
120
456
111
114
116
190
106
108
492
163
367
111
276
169
111
143
128
116
105
132
128
132
129
120
108
131
195
153
119
251
168
179
153
118
145
172
457
255
191
122
151
114
139
249
149
105
145
128
146
141
181
129
127
108
1175
154
159
247
110
104
234
140
153
135
831
116
120
146
131
143
156
170
2987
122
111
159
141
171
149
139
217
178
112
108
153
128
139
223
120
108
116
131
129
180
143
110
180
129
187
151
120
124
112
144
253
178
113
142
166
116
143
128
176
163
119
111
186
158
155
163
269
139
131
126
104
138
277
181
456
696
123
113
193
159
136
126
177
155
172
133
163
111
132
136
211
120
139
128
120
133
119
117
241
126
124
242
159
135
141
107
1367
152
109
200
205
189
179
115
110
168
181
131
105
134
133
334
112
123
182
240
145
132
112
111
503
164
174
170
137
129
172
154
141
145
135
168
140
125
159
113
140
130
152
110
132
123
115
193
2417
449
157
130
112
204
246
106
173
103
118
111
242
147
115
218
131
915
107
147
293
125
175
179
141
213
401
314
137
111
123
156
134
159
116
163
125
172
166
174
226
1112
142
132
166
107
132
123
164
133
201
144
144
107
260
123
183
113
113
228
158
152
289
162
135
129
145
122
137
1547
207
143
150
143
160
150
229
147
142
137
127
112
186
139
161
128
2468
149
168
129
275
118
283
108
127
3885
139
179
127
155
117
199
119
191
149
245
149
122
109
220
119
133
120
148
120
151
169
142
244
160
132
167
132
106
234
133
165
137
170
143
163
169
142
114
537
108
143
151
148
140
140
115
139
121
253
181
122
115
129
107
184
163
168
109
113
129
524
142
232
106
149
1195
104
1631
105
118
135
139
143
242
206
281
328
124
117
127
123
108
175
116
137
121
126
166
368
155
243
124
154
119
110
124
112
105
189
135
117
152
159
127
149
117
108
248
202
122
147
941
555
457
114
126
127
111
138
143
151
153
264
105
227
145
115
107
179
111
180
150
110
110
141
146
158
112
266
258
145
135
108
115
105
131
107
112
156
107
168
121
203
149
144
154
178
379
134
161
211
159
113
151
146
128
135
150
984
161
120
114
105
115
125
138
143
211
110
152
123
139
172
135
183
123
108
2278
152
118
149
128
132
164
299
183
230
126
112
259
119
130
186
214
525
154
133
144
145
143
142
121
110
317
142
325
127
139
151
208
213
240
108
164
118
130
132
175
182
252
150
112
108
151
125
105
115
106
137
116
152
148
105
136
233
219
134
187
117
141
126
205
163
120
146
142
192
109
119
113
137
164
116
222
114
794
204
148
162
129
882
163
132
254
120
137
165
142
184
125
166
146
414
188
279
136
145
212
201
141
138
154
368
284
116
841
131
106
109
144
106
123
251
124
257
121
162
114
144
289
148
107
173
118
119
145
183
438
111
127
183
111
125
112
157
146
132
142
124
281
112
130
151
299
130
140
1280
219
122
215
147
262
158
229
116
116
123
117
132
149
105
122
121
147
166
126
152
183
149
138
140
249
185
137
109
165
172
175
173
142
194
143
197
392
155
115
168
160
109
121
378
132
170
199
133
133
114
109
141
182
109
107
224
123
191
203
142
151
166
179
241
135
473
133
175
114
205
121
118
275
117
108
111
149
120
116
531
145
153
133
216
108
128
120
134
122
116
851
115
167
112
128
296
108
141
110
123
135
131
154
197
503
211
201
118
130
119
135
109
225
134
134
126
111
124
141
120
324
464
112
127
564
181
119
173
132
328
155
113
104
118
121
112
150
138
118
149
184
257
119
121
217
254
118
154
116
109
157
152
126
126
401
165
130
115
109
110
144
121
576
174
109
122
243
198
107
130
169
174
109
111
113
163
111
141
277
116
121
150
116
128
128
153
251
315
181
160
120
179
158
272
131
149
111
127
210
310
131
130
180
111
585
153
131
124
132
109
146
142
115
177
136
121
176
112
124
316
127
120
143
109
125
114
152
136
129
127
311
122
126
122
190
148
111
116
144
170
135
118
137
112
118
130
166
133
188
114
242
178
118
139
121
145
121
127
127
118
109
160
112
127
158
253
147
125
127
116
148
382
121
148
151
120
162
108
129
125
117
135
159
168
111
262
123
120
185
115
155
118
158
113
116
125
124
227
108
145
187
104
108
121
178
147
200
119
185
116
126
179
113
145
134
129
177
156
171
191
116
130
149
136
162
117
1951
413
1418
110
167
161
468
157
109
147
152
120
196
218
166
131
148
143
168
200
145
120
115
132
123
186
210
105
104
145
143
377
117
167
128
116
122
1222
111
115
122
122
107
123
135
299
198
111
199
169
123
126
166
256
241
198
129
177
153
233
140
197
147
131
126
118
125
124
215
130
113
227
252
227
286
110
183
120
157
126
106
168
190
132
145
256
206
119
561
196
131
452
743
282
254
313
181
114
175
204
209
205
211
143
132
116
150
131
207
109
196
130
119
116
210
140
148
147
108
129
133
124
115
127
204
192
127
127
117
187
110
115
115
208
107
121
108
139
201
156
111
215
164
120
160
117
148
106
127
164
126
109
114
112
119
106
1003
129
170
120
132
285
114
158
129
114
183
125
239
134
146
283
130
124
116
362
158
202
168
301
129
148
151
245
148
138
125
149
147
162
263
126
147
107
173
199
163
168
141
148
122
128
149
112
152
105
197
124
129
124
199
218
171
124
159
192
221
121
108
107
171
155
121
239
105
145
144
439
104
105
127
324
131
116
123
163
169
134
113
136
111
109
231
109
160
181
135
128
118
110
146
198
144
113
140
111
174
107
197
191
131
129
107
112
117
107
115
111
216
142
249
150
119
118
117
205
164
163
250
133
107
132
172
129
441
188
135
261
120
106
140
160
130
111
106
135
141
111
131
165
210
295
168
135
107
290
178
141
173
132
146
115
187
174
132
133
227
139
299
131
267
147
291
152
178
137
154
146
255
129
284
108
114
159
225
160
122
115
115
112
188
130
246
115
173
241
121
131
121
112
111
113
114
193
110
327
243
122
194
168
721
153
320
123
126
116
131
117
114
6796
117
117
114
107
109
131
710
153
238
143
126
181
115
182
115
110
161
124
239
161
411
178
191
124
159
226
131
122
188
1189
108
160
133
155
135
171
251
155
131
150
168
138
166
116
588
212
174
122
134
142
233
110
140
122
122
226
148
120
168
135
170
194
215
3384
117
110
473
142
134
500
291
120
128
105
163
449
196
122
125
114
155
155
190
144
592
113
126
474
117
215
106
476
112
127
111
142
147
108
118
117
133
108
161
154
175
135
177
135
124
133
133
107
158
185
947
125
118
119
166
186
290
227
148
374
110
16850
174
121
157
163
129
671
166
160
144
128
115
133
217
170
226
153
157
306
130
150
184
128
117
117
106
115
146
111
117
201
122
127
142
113
121
163
217
174
234
323
150
293
132
142
125
380
118
349
113
185
113
105
499
121
408
111
122
103
196
110
154
222
121
123
136
142
275
263
111
117
251
132
142
157
133
170
126
222
3071
192
120
116
177
143
165
124
147
114
232
132
130
131
150
214
111
229
144
128
167
133
103
148
273
256
143
138
139
141
132
117
144
154
177
132
129
147
110
110
257
125
105
139
118
124
157
243
122
127
119
122
176
210
139
112
132
117
159
172
165
573
155
135
136
192
115
114
118
118
193
120
117
122
175
152
143
113
118
171
115
138
112
128
113
117
136
623
151
351
128
220
193
184
148
197
145
133
158
239
155
110
524
263
161
146
140
113
123
125
125
105
193
281
145
141
233
290
125
170
148
111
121
138
150
112
177
653
267
113
174
123
131
115
181
162
138
220
109
218
135
156
171
130
113
2210
125
107
141
